Mantel Test Results — Approach A (10x10)
Sequence     : SEQ5
Mode         : CA
Permutations : 9999

r = 0.946568
p = 0.000200

Template RMSD matrix (Å):
[[0.    1.498 1.525 1.611 4.043 1.827 1.645 1.847 1.681 1.706]
 [1.498 0.    1.146 1.195 4.004 1.819 1.767 1.488 1.331 1.639]
 [1.525 1.146 0.    1.182 3.997 1.68  1.739 1.352 1.299 1.675]
 [1.611 1.195 1.182 0.    3.947 1.722 1.836 1.527 1.368 1.704]
 [4.043 4.004 3.997 3.947 0.    4.385 4.483 4.108 3.852 3.845]
 [1.827 1.819 1.68  1.722 4.385 0.    1.829 1.746 1.948 2.002]
 [1.645 1.767 1.739 1.836 4.483 1.829 0.    1.742 1.921 1.886]
 [1.847 1.488 1.352 1.527 4.108 1.746 1.742 0.    1.599 1.746]
 [1.681 1.331 1.299 1.368 3.852 1.948 1.921 1.599 0.    1.641]
 [1.706 1.639 1.675 1.704 3.845 2.002 1.886 1.746 1.641 0.   ]]

Sample mean RMSD matrix (Å):
[[0.666 1.024 1.015 1.25  3.026 0.999 1.365 1.099 1.077 0.933]
 [1.024 0.179 0.331 0.749 3.025 1.295 1.681 0.5   0.419 0.994]
 [1.015 0.331 0.158 0.724 3.021 1.257 1.646 0.491 0.386 0.976]
 [1.25  0.749 0.724 0.445 3.012 1.207 1.812 0.885 0.807 1.209]
 [3.026 3.025 3.021 3.012 1.952 3.053 2.828 3.007 3.004 2.953]
 [0.999 1.295 1.257 1.207 3.053 0.35  1.408 1.356 1.333 1.172]
 [1.365 1.681 1.646 1.812 2.828 1.408 1.363 1.71  1.718 1.575]
 [1.099 0.5   0.491 0.885 3.007 1.356 1.71  0.215 0.493 0.989]
 [1.077 0.419 0.386 0.807 3.004 1.333 1.718 0.493 0.356 0.963]
 [0.933 0.994 0.976 1.209 2.953 1.172 1.575 0.989 0.963 0.691]]
