Mantel Test Results — Approach A (10x10)
Sequence     : SEQ15
Mode         : CA
Permutations : 9999

r = 0.604136
p = 0.000300

Template RMSD matrix (Å):
[[0.    3.131 5.298 5.602 3.37  3.776 2.983 3.527 4.784 3.713]
 [3.131 0.    6.594 4.785 3.595 4.971 3.108 3.401 6.664 3.708]
 [5.298 6.594 0.    5.772 7.004 5.264 7.187 4.422 3.053 7.003]
 [5.602 4.785 5.772 0.    6.471 7.063 6.791 3.676 7.34  5.312]
 [3.37  3.595 7.004 6.471 0.    5.216 3.394 4.445 6.239 4.726]
 [3.776 4.971 5.264 7.063 5.216 0.    3.795 5.369 4.446 3.755]
 [2.983 3.108 7.187 6.791 3.394 3.795 0.    5.12  6.202 3.256]
 [3.527 3.401 4.422 3.676 4.445 5.369 5.12  0.    5.391 4.926]
 [4.784 6.664 3.053 7.34  6.239 4.446 6.202 5.391 0.    6.732]
 [3.713 3.708 7.003 5.312 4.726 3.755 3.256 4.926 6.732 0.   ]]

Sample mean RMSD matrix (Å):
[[2.803 2.982 3.488 4.94  2.803 3.395 3.404 3.837 3.294 3.523]
 [2.982 2.42  3.718 4.314 2.562 3.844 3.109 3.494 3.553 2.947]
 [3.488 3.718 4.004 5.288 3.497 3.685 4.066 4.217 3.676 4.252]
 [4.94  4.314 5.288 2.781 4.621 5.723 4.78  3.638 5.392 4.64 ]
 [2.803 2.562 3.497 4.621 2.075 3.681 3.249 3.273 3.149 3.861]
 [3.395 3.844 3.685 5.723 3.681 2.789 3.994 4.728 3.576 4.037]
 [3.404 3.109 4.066 4.78  3.249 3.994 3.391 4.104 3.961 3.399]
 [3.837 3.494 4.217 3.638 3.273 4.728 4.104 2.436 4.174 4.576]
 [3.294 3.553 3.676 5.392 3.149 3.576 3.961 4.174 3.492 4.435]
 [3.523 2.947 4.252 4.64  3.861 4.037 3.399 4.576 4.435 0.762]]
