Mantel Test Results — Approach A (10x10)
Sequence     : SEQ15
Mode         : ALLATOM
Permutations : 9999

r = 0.595774
p = 0.000200

Template RMSD matrix (Å):
[[0.    4.038 5.817 6.4   3.95  4.448 3.753 4.426 5.49  4.614]
 [4.038 0.    7.278 5.624 4.245 5.558 3.611 4.559 7.324 4.428]
 [5.817 7.278 0.    6.312 7.625 5.745 7.686 4.868 3.61  7.558]
 [6.4   5.624 6.312 0.    7.254 7.744 7.433 4.499 7.803 5.832]
 [3.95  4.245 7.625 7.254 0.    5.848 4.047 5.24  6.934 5.534]
 [4.448 5.558 5.745 7.744 5.848 0.    4.579 6.044 5.08  4.555]
 [3.753 3.611 7.686 7.433 4.047 4.579 0.    5.89  6.703 4.029]
 [4.426 4.559 4.868 4.499 5.24  6.044 5.89  0.    5.943 5.79 ]
 [5.49  7.324 3.61  7.803 6.934 5.08  6.703 5.943 0.    7.241]
 [4.614 4.428 7.558 5.832 5.534 4.555 4.029 5.79  7.241 0.   ]]

Sample mean RMSD matrix (Å):
[[3.32  3.56  4.02  5.468 3.34  3.863 4.002 4.411 3.852 4.106]
 [3.56  2.895 4.197 4.775 3.044 4.232 3.688 4.097 4.045 3.448]
 [4.02  4.197 4.464 5.749 3.969 4.098 4.631 4.734 4.161 4.768]
 [5.468 4.775 5.749 3.18  5.144 6.154 5.306 4.232 5.853 5.018]
 [3.34  3.044 3.969 5.144 2.618 4.048 3.871 3.878 3.644 4.367]
 [3.863 4.232 4.098 6.154 4.048 3.116 4.562 5.25  4.034 4.491]
 [4.002 3.688 4.631 5.306 3.871 4.562 3.91  4.674 4.543 3.929]
 [4.411 4.097 4.734 4.232 3.878 5.25  4.674 2.882 4.673 5.152]
 [3.852 4.045 4.161 5.853 3.644 4.034 4.543 4.673 3.976 4.967]
 [4.106 3.448 4.768 5.018 4.367 4.491 3.929 5.152 4.967 1.124]]
