Mantel Test Results — Approach A (10x10)
Sequence     : SEQ5
Mode         : ALLATOM
Permutations : 9999

r = 0.946118
p = 0.000300

Template RMSD matrix (Å):
[[0.    2.035 2.013 2.071 4.255 2.34  2.182 2.303 2.114 2.25 ]
 [2.035 0.    1.779 1.811 4.224 2.372 2.239 2.136 1.783 2.378]
 [2.013 1.779 0.    1.793 4.253 2.182 2.255 1.94  1.813 2.381]
 [2.071 1.811 1.793 0.    4.212 2.304 2.388 2.014 1.948 2.321]
 [4.255 4.224 4.253 4.212 0.    4.621 4.685 4.407 4.161 4.119]
 [2.34  2.372 2.182 2.304 4.621 0.    2.401 2.374 2.411 2.662]
 [2.182 2.239 2.255 2.388 4.685 2.401 0.    2.287 2.374 2.531]
 [2.303 2.136 1.94  2.014 4.407 2.374 2.287 0.    2.086 2.476]
 [2.114 1.783 1.813 1.948 4.161 2.411 2.374 2.086 0.    2.3  ]
 [2.25  2.378 2.381 2.321 4.119 2.662 2.531 2.476 2.3   0.   ]]

Sample mean RMSD matrix (Å):
[[0.948 1.283 1.257 1.586 3.237 1.363 1.581 1.372 1.323 1.234]
 [1.283 0.465 0.56  1.093 3.259 1.612 1.904 0.818 0.691 1.367]
 [1.257 0.56  0.417 1.062 3.256 1.564 1.848 0.771 0.633 1.339]
 [1.586 1.093 1.062 0.74  3.268 1.526 2.109 1.149 1.156 1.657]
 [3.237 3.259 3.256 3.268 2.159 3.305 3.074 3.226 3.223 3.183]
 [1.363 1.612 1.564 1.526 3.305 0.741 1.725 1.608 1.629 1.537]
 [1.581 1.904 1.848 2.109 3.074 1.725 1.577 1.936 1.927 1.81 ]
 [1.372 0.818 0.771 1.149 3.226 1.608 1.936 0.473 0.793 1.369]
 [1.323 0.691 0.633 1.156 3.223 1.629 1.927 0.793 0.638 1.319]
 [1.234 1.367 1.339 1.657 3.183 1.537 1.81  1.369 1.319 0.975]]
