Mantel Test Results — Approach A (10x10)
Sequence     : SEQ13
Mode         : CA
Permutations : 9999

r = -0.150346
p = 0.791200

Template RMSD matrix (Å):
[[ 0.    13.853 13.997 14.257 19.041 16.719 15.178 17.567 15.462 12.658]
 [13.853  0.    16.629 16.647 15.187 22.606 16.388 23.009 18.868 13.018]
 [13.997 16.629  0.    16.184 13.927 17.102 11.869 17.503 11.646 12.338]
 [14.257 16.647 16.184  0.    21.356 15.99  20.128 15.134 13.647 18.285]
 [19.041 15.187 13.927 21.356  0.    23.515 13.286 23.036 18.502 13.105]
 [16.719 22.606 17.102 15.99  23.515  0.    18.942 12.309 13.52  18.427]
 [15.178 16.388 11.869 20.128 13.286 18.942  0.    22.281 16.226 12.774]
 [17.567 23.009 17.503 15.134 23.036 12.309 22.281  0.    13.593 20.784]
 [15.462 18.868 11.646 13.647 18.502 13.52  16.226 13.593  0.    14.829]
 [12.658 13.018 12.338 18.285 13.105 18.427 12.774 20.784 14.829  0.   ]]

Sample mean RMSD matrix (Å):
[[13.851 14.862 18.633 19.172 15.092 14.473 16.014 14.606 13.738 16.636]
 [14.862 12.905 21.214 22.579 13.176 14.76  15.456 13.716 12.722 14.053]
 [18.633 21.214 13.996 14.644 19.741 18.759 21.648 19.678 19.261 20.352]
 [19.172 22.579 14.644 13.723 20.867 19.641 22.35  20.423 20.347 22.396]
 [15.092 13.176 19.741 20.867 11.495 15.438 15.265 11.773 11.723 13.896]
 [14.473 14.76  18.759 19.641 15.438 12.562 15.816 15.225 13.975 15.208]
 [16.014 15.456 21.648 22.35  15.265 15.816 13.88  16.216 14.948 16.658]
 [14.606 13.716 19.678 20.423 11.773 15.225 16.216 11.027 11.393 15.258]
 [13.738 12.722 19.261 20.347 11.723 13.975 14.948 11.393 10.816 14.566]
 [16.636 14.053 20.352 22.396 13.896 15.208 16.658 15.258 14.566 10.265]]
