Mantel Test Results - Approach B (100x100)
Sequence     : SEQ5
Mode         : ALLATOM
Permutations : 9999

r = 0.798580
p = 0.000100

Template RMSD matrix 10x10 (A):
[[0.    2.035 2.013 2.071 4.255 2.34  2.182 2.303 2.114 2.25 ]
 [2.035 0.    1.779 1.811 4.224 2.372 2.239 2.136 1.783 2.378]
 [2.013 1.779 0.    1.793 4.253 2.182 2.255 1.94  1.813 2.381]
 [2.071 1.811 1.793 0.    4.212 2.304 2.388 2.014 1.948 2.321]
 [4.255 4.224 4.253 4.212 0.    4.621 4.685 4.407 4.161 4.119]
 [2.34  2.372 2.182 2.304 4.621 0.    2.401 2.374 2.411 2.662]
 [2.182 2.239 2.255 2.388 4.685 2.401 0.    2.287 2.374 2.531]
 [2.303 2.136 1.94  2.014 4.407 2.374 2.287 0.    2.086 2.476]
 [2.114 1.783 1.813 1.948 4.161 2.411 2.374 2.086 0.    2.3  ]
 [2.25  2.378 2.381 2.321 4.119 2.662 2.531 2.476 2.3   0.   ]]
