Mantel Test Results - Approach B (100x100)
Sequence     : SEQ15
Mode         : CA
Permutations : 9999

r = 0.342323
p = 0.000100

Template RMSD matrix 10x10 (A):
[[0.    3.131 5.298 5.602 3.37  3.776 2.983 3.527 4.784 3.713]
 [3.131 0.    6.594 4.785 3.595 4.971 3.108 3.401 6.664 3.708]
 [5.298 6.594 0.    5.772 7.004 5.264 7.187 4.422 3.053 7.003]
 [5.602 4.785 5.772 0.    6.471 7.063 6.791 3.676 7.34  5.312]
 [3.37  3.595 7.004 6.471 0.    5.216 3.394 4.445 6.239 4.726]
 [3.776 4.971 5.264 7.063 5.216 0.    3.795 5.369 4.446 3.755]
 [2.983 3.108 7.187 6.791 3.394 3.795 0.    5.12  6.202 3.256]
 [3.527 3.401 4.422 3.676 4.445 5.369 5.12  0.    5.391 4.926]
 [4.784 6.664 3.053 7.34  6.239 4.446 6.202 5.391 0.    6.732]
 [3.713 3.708 7.003 5.312 4.726 3.755 3.256 4.926 6.732 0.   ]]
