Mantel Test Results - Approach B (100x100)
Sequence     : SEQ13
Mode         : CA
Permutations : 9999

r = 0.160801
p = 0.000100

Template RMSD matrix 10x10 (A):
[[ 0.    13.853 13.997 14.257 19.041 16.719 15.178 17.567 15.462 12.658]
 [13.853  0.    16.629 16.647 15.187 22.606 16.388 23.009 18.868 13.018]
 [13.997 16.629  0.    16.184 13.927 17.102 11.869 17.503 11.646 12.338]
 [14.257 16.647 16.184  0.    21.356 15.99  20.128 15.134 13.647 18.285]
 [19.041 15.187 13.927 21.356  0.    23.515 13.286 23.036 18.502 13.105]
 [16.719 22.606 17.102 15.99  23.515  0.    18.942 12.309 13.52  18.427]
 [15.178 16.388 11.869 20.128 13.286 18.942  0.    22.281 16.226 12.774]
 [17.567 23.009 17.503 15.134 23.036 12.309 22.281  0.    13.593 20.784]
 [15.462 18.868 11.646 13.647 18.502 13.52  16.226 13.593  0.    14.829]
 [12.658 13.018 12.338 18.285 13.105 18.427 12.774 20.784 14.829  0.   ]]
