Mantel Test Results — Approach A (10x10)
Sequence     : SEQ13
Mode         : ALLATOM
Permutations : 9999

r = -0.143694
p = 0.781100

Template RMSD matrix (Å):
[[ 0.    13.909 13.975 14.401 18.844 16.905 15.403 17.862 15.318 12.6  ]
 [13.909  0.    16.599 17.138 15.105 23.15  16.395 23.733 19.19  12.976]
 [13.975 16.599  0.    16.34  13.907 17.301 12.035 18.089 11.927 12.266]
 [14.401 17.138 16.34   0.    21.697 16.003 20.345 15.474 13.712 18.415]
 [18.844 15.105 13.907 21.697  0.    23.726 13.08  23.441 18.772 13.025]
 [16.905 23.15  17.301 16.003 23.726  0.    19.074 12.408 13.498 18.842]
 [15.403 16.395 12.035 20.345 13.08  19.074  0.    22.447 16.407 12.838]
 [17.862 23.733 18.089 15.474 23.441 12.408 22.447  0.    13.941 21.27 ]
 [15.318 19.19  11.927 13.712 18.772 13.498 16.407 13.941  0.    14.945]
 [12.6   12.976 12.266 18.415 13.025 18.842 12.838 21.27  14.945  0.   ]]

Sample mean RMSD matrix (Å):
[[13.371 14.467 18.499 19.059 14.671 14.025 15.503 14.111 13.371 16.021]
 [14.467 12.537 21.196 22.538 12.92  14.42  14.965 13.362 12.523 13.635]
 [18.499 21.196 13.582 14.309 19.64  18.644 21.51  19.558 19.202 20.198]
 [19.059 22.538 14.309 13.35  20.743 19.494 22.254 20.316 20.278 22.243]
 [14.671 12.92  19.64  20.743 11.297 15.068 14.871 11.53  11.594 13.491]
 [14.025 14.42  18.644 19.494 15.068 12.202 15.318 14.718 13.628 14.84 ]
 [15.503 14.965 21.51  22.254 14.871 15.318 13.422 15.615 14.514 16.076]
 [14.111 13.362 19.558 20.316 11.53  14.718 15.615 10.701 11.153 14.715]
 [13.371 12.523 19.202 20.278 11.594 13.628 14.514 11.153 10.653 14.151]
 [16.021 13.635 20.198 22.243 13.491 14.84  16.076 14.715 14.151  9.902]]
