Mantel Test Results — Approach A (10x10)
Sequence     : SEQ11
Mode         : ALLATOM
Permutations : 9999

r = 0.196888
p = 0.175300

Template RMSD matrix (Å):
[[ 0.    15.013 15.762 17.906 17.133 12.848 15.25  12.521 16.114 13.127]
 [15.013  0.    12.301 14.98  18.535 15.965 14.006 15.317 14.096 13.972]
 [15.762 12.301  0.    16.092 19.253 16.033 12.725 13.68  11.428 15.027]
 [17.906 14.98  16.092  0.    24.667 19.121 13.87  20.363 13.872 15.781]
 [17.133 18.535 19.253 24.667  0.    15.379 21.362 15.079 22.196 15.822]
 [12.848 15.965 16.033 19.121 15.379  0.    17.499 12.897 16.924 13.366]
 [15.25  14.006 12.725 13.87  21.362 17.499  0.    16.304 13.259 13.717]
 [12.521 15.317 13.68  20.363 15.079 12.897 16.304  0.    16.209 14.937]
 [16.114 14.096 11.428 13.872 22.196 16.924 13.259 16.209  0.    15.455]
 [13.127 13.972 15.027 15.781 15.822 13.366 13.717 14.937 15.455  0.   ]]

Sample mean RMSD matrix (Å):
[[ 7.501 25.484 13.231 20.089 25.828 18.115 18.598 14.002 14.127 17.004]
 [25.484 28.886 25.56  22.211 22.856 23.983 24.525 26.296 24.939 26.367]
 [13.231 25.56  19.779 21.324 28.747 20.473 21.662 16.17  17.441 19.44 ]
 [20.089 22.211 21.324 21.608 26.721 23.479 23.082 19.511 23.18  22.451]
 [25.828 22.856 28.747 26.721  5.81  20.878 19.345 27.845 24.748 29.515]
 [18.115 23.983 20.473 23.479 20.878 25.315 20.555 22.105 17.874 23.048]
 [18.598 24.525 21.662 23.082 19.345 20.555 28.731 20.368 21.761 25.048]
 [14.002 26.296 16.17  19.511 27.845 22.105 20.368 18.94  18.99  20.41 ]
 [14.127 24.939 17.441 23.18  24.748 17.874 21.761 18.99  14.652 18.715]
 [17.004 26.367 19.44  22.451 29.515 23.048 25.048 20.41  18.715 25.056]]
