Mantel Test Results - Approach B (expanded)
Sequence     : SEQ2
Mode         : ALLATOM
Permutations : 9999

r = -0.007964
p = 0.524800

Template RMSD matrix 10x10 (A):
[[0.    2.299 2.107 2.248 2.355 2.192 2.217 2.466 2.305 2.632]
 [2.299 0.    2.102 2.242 2.253 2.235 2.46  2.191 2.53  2.893]
 [2.107 2.102 0.    1.937 1.821 1.75  1.903 2.026 2.088 2.545]
 [2.248 2.242 1.937 0.    2.148 2.039 2.13  1.941 2.413 2.797]
 [2.355 2.253 1.821 2.148 0.    2.081 1.864 2.064 2.048 2.509]
 [2.192 2.235 1.75  2.039 2.081 0.    1.868 2.056 2.055 2.458]
 [2.217 2.46  1.903 2.13  1.864 1.868 0.    1.949 2.048 2.481]
 [2.466 2.191 2.026 1.941 2.064 2.056 1.949 0.    2.206 2.709]
 [2.305 2.53  2.088 2.413 2.048 2.055 2.048 2.206 0.    2.415]
 [2.632 2.893 2.545 2.797 2.509 2.458 2.481 2.709 2.415 0.   ]]
