Mantel Test Results — Approach A (10x10)
Sequence     : SEQ6
Mode         : ALLATOM
Permutations : 9999

r = 0.046643
p = 0.381100

Template RMSD matrix (Å):
[[ 0.    28.471 27.023 29.252 28.366 30.271 27.109 30.811 29.68  28.021]
 [28.471  0.    25.706 28.036 24.291 24.289 25.823 26.472 26.101 23.524]
 [27.023 25.706  0.    23.401 26.004 25.69  23.154 23.345 25.522 24.728]
 [29.252 28.036 23.401  0.    26.645 25.815 25.256 22.367 28.51  25.963]
 [28.366 24.291 26.004 26.645  0.    25.271 25.745 25.395 25.1   23.301]
 [30.271 24.289 25.69  25.815 25.271  0.    27.383 22.905 27.651 21.915]
 [27.109 25.823 23.154 25.256 25.745 27.383  0.    25.777 26.627 24.972]
 [30.811 26.472 23.345 22.367 25.395 22.905 25.777  0.    26.71  23.306]
 [29.68  26.101 25.522 28.51  25.1   27.651 26.627 26.71   0.    25.761]
 [28.021 23.524 24.728 25.963 23.301 21.915 24.972 23.306 25.761  0.   ]]

Sample mean RMSD matrix (Å):
[[52.655 59.194 56.117 55.495 56.995 52.894 58.025 58.484 54.408 53.301]
 [59.194 46.447 55.466 56.352 57.163 55.464 58.083 54.482 56.819 59.672]
 [56.117 55.466 52.498 56.896 57.212 57.395 59.242 56.116 54.643 56.553]
 [55.495 56.352 56.896 58.083 58.697 53.29  58.228 53.918 55.907 56.582]
 [56.995 57.163 57.212 58.697 49.033 53.346 57.637 58.476 54.016 52.014]
 [52.894 55.464 57.395 53.29  53.346 50.615 58.235 54.196 54.454 53.494]
 [58.025 58.083 59.242 58.228 57.637 58.235 49.283 57.484 59.937 58.139]
 [58.484 54.482 56.116 53.918 58.476 54.196 57.484 57.555 57.169 58.127]
 [54.408 56.819 54.643 55.907 54.016 54.454 59.937 57.169 63.624 51.29 ]
 [53.301 59.672 56.553 56.582 52.014 53.494 58.139 58.127 51.29  48.638]]
