Mantel Test Results — Approach A (10x10)
Sequence     : SEQ16
Mode         : ALLATOM
Permutations : 9999

r = 0.572083
p = 0.001100

Template RMSD matrix (Å):
[[0.    4.072 3.415 3.11  3.897 4.32  4.25  4.002 3.533 4.395]
 [4.072 0.    4.214 4.059 5.094 3.678 4.292 4.394 3.913 3.463]
 [3.415 4.214 0.    3.755 2.784 3.78  2.921 5.056 3.496 5.418]
 [3.11  4.059 3.755 0.    4.318 4.929 4.863 4.966 4.055 4.291]
 [3.897 5.094 2.784 4.318 0.    4.754 3.554 5.716 4.097 6.377]
 [4.32  3.678 3.78  4.929 4.754 0.    3.772 4.9   3.912 4.943]
 [4.25  4.292 2.921 4.863 3.554 3.772 0.    5.574 3.548 5.884]
 [4.002 4.394 5.056 4.966 5.716 4.9   5.574 0.    4.419 4.043]
 [3.533 3.913 3.496 4.055 4.097 3.912 3.548 4.419 0.    4.889]
 [4.395 3.463 5.418 4.291 6.377 4.943 5.884 4.043 4.889 0.   ]]

Sample mean RMSD matrix (Å):
[[3.641 2.765 2.632 2.588 3.262 3.128 2.603 3.244 3.356 3.499]
 [2.765 1.961 3.076 2.427 4.366 2.191 2.743 2.102 3.347 2.872]
 [2.632 3.076 3.054 2.746 2.851 3.638 2.756 3.563 3.451 3.524]
 [2.588 2.427 2.746 3.111 3.159 2.63  2.178 2.97  3.035 3.678]
 [3.262 4.366 2.851 3.159 0.473 4.53  3.054 4.926 3.536 5.033]
 [3.128 2.191 3.638 2.63  4.53  2.468 2.801 2.69  2.959 3.687]
 [2.603 2.743 2.756 2.178 3.054 2.801 2.848 3.386 3.06  4.014]
 [3.244 2.102 3.563 2.97  4.926 2.69  3.386 2.742 3.735 2.417]
 [3.356 3.347 3.451 3.035 3.536 2.959 3.06  3.735 3.615 4.267]
 [3.499 2.872 3.524 3.678 5.033 3.687 4.014 2.417 4.267 1.096]]
