Mantel Test Results - Approach B (expanded)
Sequence     : SEQ12
Mode         : ALLATOM
Permutations : 9999

r = 0.298975
p = 0.000700

Template RMSD matrix 10x10 (A):
[[ 0.    15.925 15.629 13.432 18.336 15.987 21.087 22.78  15.993 15.523]
 [15.925  0.    16.948 14.372 14.711 16.036 14.383 20.837 17.407 11.11 ]
 [15.629 16.948  0.    14.487 16.337 20.612 17.457 16.786 18.639 16.077]
 [13.432 14.372 14.487  0.    12.353 14.995 18.437 21.685 14.329 14.796]
 [18.336 14.711 16.337 12.353  0.    15.826 16.537 18.985 16.123 16.379]
 [15.987 16.036 20.612 14.995 15.826  0.    21.511 25.675 16.393 14.677]
 [21.087 14.383 17.457 18.437 16.537 21.511  0.    16.663 20.507 15.364]
 [22.78  20.837 16.786 21.685 18.985 25.675 16.663  0.    23.131 22.08 ]
 [15.993 17.407 18.639 14.329 16.123 16.393 20.507 23.131  0.    17.832]
 [15.523 11.11  16.077 14.796 16.379 14.677 15.364 22.08  17.832  0.   ]]
