Mantel Test Results - Approach B (expanded)
Sequence     : SEQ11
Mode         : ALLATOM
Permutations : 9999

r = 0.127439
p = 0.063400

Template RMSD matrix 10x10 (A):
[[ 0.    15.013 15.762 17.906 17.133 12.848 15.25  12.521 16.114 13.127]
 [15.013  0.    12.301 14.98  18.535 15.965 14.006 15.317 14.096 13.972]
 [15.762 12.301  0.    16.092 19.253 16.033 12.725 13.68  11.428 15.027]
 [17.906 14.98  16.092  0.    24.667 19.121 13.87  20.363 13.872 15.781]
 [17.133 18.535 19.253 24.667  0.    15.379 21.362 15.079 22.196 15.822]
 [12.848 15.965 16.033 19.121 15.379  0.    17.499 12.897 16.924 13.366]
 [15.25  14.006 12.725 13.87  21.362 17.499  0.    16.304 13.259 13.717]
 [12.521 15.317 13.68  20.363 15.079 12.897 16.304  0.    16.209 14.937]
 [16.114 14.096 11.428 13.872 22.196 16.924 13.259 16.209  0.    15.455]
 [13.127 13.972 15.027 15.781 15.822 13.366 13.717 14.937 15.455  0.   ]]
