Mantel Test Results — Approach A (10x10)
Sequence     : SEQ12
Mode         : ALLATOM
Permutations : 9999

r = 0.385604
p = 0.029700

Template RMSD matrix (Å):
[[ 0.    15.925 15.629 13.432 18.336 15.987 21.087 22.78  15.993 15.523]
 [15.925  0.    16.948 14.372 14.711 16.036 14.383 20.837 17.407 11.11 ]
 [15.629 16.948  0.    14.487 16.337 20.612 17.457 16.786 18.639 16.077]
 [13.432 14.372 14.487  0.    12.353 14.995 18.437 21.685 14.329 14.796]
 [18.336 14.711 16.337 12.353  0.    15.826 16.537 18.985 16.123 16.379]
 [15.987 16.036 20.612 14.995 15.826  0.    21.511 25.675 16.393 14.677]
 [21.087 14.383 17.457 18.437 16.537 21.511  0.    16.663 20.507 15.364]
 [22.78  20.837 16.786 21.685 18.985 25.675 16.663  0.    23.131 22.08 ]
 [15.993 17.407 18.639 14.329 16.123 16.393 20.507 23.131  0.    17.832]
 [15.523 11.11  16.077 14.796 16.379 14.677 15.364 22.08  17.832  0.   ]]

Sample mean RMSD matrix (Å):
[[25.252 18.886 24.683 22.258 21.025 25.525 18.849 25.967 22.956 19.605]
 [18.886  8.523 18.282 20.214 12.106 21.485 20.198 25.584 21.84  20.241]
 [24.683 18.282 10.686 16.394 16.68  20.546 23.065 23.483 20.336 25.817]
 [22.258 20.214 16.394  6.404 20.254 20.752 19.54  23.714 20.072 21.014]
 [21.025 12.106 16.68  20.254  7.995 20.576 20.266 25.188 19.405 22.399]
 [25.525 21.485 20.546 20.752 20.576 28.363 24.382 24.89  21.417 22.525]
 [18.849 20.198 23.065 19.54  20.266 24.382 19.66  23.402 19.178 17.964]
 [25.967 25.584 23.483 23.714 25.188 24.89  23.402 24.742 19.424 27.434]
 [22.956 21.84  20.336 20.072 19.405 21.417 19.178 19.424 16.854 22.578]
 [19.605 20.241 25.817 21.014 22.399 22.525 17.964 27.434 22.578 18.922]]
