Mantel Test Results — Approach A (10x10)
Sequence     : SEQ17
Mode         : ALLATOM
Permutations : 9999

r = 0.510094
p = 0.023300

Template RMSD matrix (Å):
[[0.    6.008 3.565 4.14  3.465 3.857 4.225 3.435 3.364 4.246]
 [6.008 0.    5.625 5.08  5.938 6.652 4.802 6.683 5.684 4.85 ]
 [3.565 5.625 0.    3.844 2.916 3.943 3.416 3.968 3.524 3.835]
 [4.14  5.08  3.844 0.    3.748 5.006 4.168 4.971 3.599 4.127]
 [3.465 5.938 2.916 3.748 0.    4.052 3.645 3.645 3.051 4.045]
 [3.857 6.652 3.943 5.006 4.052 0.    4.674 4.004 3.829 5.09 ]
 [4.225 4.802 3.416 4.168 3.645 4.674 0.    4.43  3.988 3.769]
 [3.435 6.683 3.968 4.971 3.645 4.004 4.43  0.    3.819 4.875]
 [3.364 5.684 3.524 3.599 3.051 3.829 3.988 3.819 0.    4.371]
 [4.246 4.85  3.835 4.127 4.045 5.09  3.769 4.875 4.371 0.   ]]

Sample mean RMSD matrix (Å):
[[1.552 2.011 1.77  2.146 1.767 1.682 1.769 1.654 1.91  2.007]
 [2.011 1.268 1.842 1.83  1.935 1.789 1.78  1.878 1.774 1.914]
 [1.77  1.842 0.992 1.311 1.269 1.377 1.073 1.571 1.569 1.529]
 [2.146 1.83  1.311 0.883 1.463 1.676 1.444 1.885 1.697 1.596]
 [1.767 1.935 1.269 1.463 1.202 1.441 1.339 1.628 1.64  1.549]
 [1.682 1.789 1.377 1.676 1.441 0.938 1.286 1.599 1.517 1.762]
 [1.769 1.78  1.073 1.444 1.339 1.286 0.962 1.683 1.585 1.537]
 [1.654 1.878 1.571 1.885 1.628 1.599 1.683 1.248 1.634 1.801]
 [1.91  1.774 1.569 1.697 1.64  1.517 1.585 1.634 1.089 1.738]
 [2.007 1.914 1.529 1.596 1.549 1.762 1.537 1.801 1.738 1.382]]
