Mantel Test Results — Approach A (10x10)
Sequence     : SEQ1
Mode         : ALLATOM
Permutations : 9999

r = 0.137825
p = 0.383000

Template RMSD matrix (Å):
[[0.    2.707 2.755 2.704 2.309 2.21  2.668 2.201 2.981 2.982]
 [2.707 0.    3.189 2.928 2.805 2.641 2.597 2.67  3.277 3.208]
 [2.755 3.189 0.    3.073 2.895 2.776 3.219 2.91  3.472 3.528]
 [2.704 2.928 3.073 0.    2.898 2.557 2.898 2.787 3.361 3.548]
 [2.309 2.805 2.895 2.898 0.    2.364 2.581 2.142 2.701 2.705]
 [2.21  2.641 2.776 2.557 2.364 0.    2.625 2.175 2.824 3.003]
 [2.668 2.597 3.219 2.898 2.581 2.625 0.    2.579 2.756 3.248]
 [2.201 2.67  2.91  2.787 2.142 2.175 2.579 0.    2.913 2.825]
 [2.981 3.277 3.472 3.361 2.701 2.824 2.756 2.913 0.    3.483]
 [2.982 3.208 3.528 3.548 2.705 3.003 3.248 2.825 3.483 0.   ]]

Sample mean RMSD matrix (Å):
[[0.588 1.458 0.739 0.808 0.587 0.541 1.024 0.914 0.846 0.634]
 [1.458 0.523 1.36  1.573 1.442 1.479 1.424 1.588 1.528 1.469]
 [0.739 1.36  0.833 0.907 0.715 0.742 1.001 1.019 0.964 0.697]
 [0.808 1.573 0.907 0.518 0.789 0.794 0.957 0.882 0.765 0.835]
 [0.587 1.442 0.715 0.789 0.428 0.535 1.066 0.888 0.875 0.566]
 [0.541 1.479 0.742 0.794 0.535 0.387 1.036 0.871 0.859 0.602]
 [1.024 1.424 1.001 0.957 1.066 1.036 0.572 1.034 0.891 1.12 ]
 [0.914 1.588 1.019 0.882 0.888 0.871 1.034 0.697 0.905 0.936]
 [0.846 1.528 0.964 0.765 0.875 0.859 0.891 0.905 0.823 0.901]
 [0.634 1.469 0.697 0.835 0.566 0.602 1.12  0.936 0.901 0.473]]
