Mantel Test Results — Approach A (10x10)
Sequence     : SEQ14
Mode         : ALLATOM
Permutations : 9999

r = 0.383393
p = 0.051900

Template RMSD matrix (Å):
[[0.    3.474 2.515 4.133 3.583 3.351 3.145 3.374 2.914 3.697]
 [3.474 0.    3.864 4.32  4.161 3.642 3.38  3.182 3.597 4.883]
 [2.515 3.864 0.    4.327 3.429 3.078 3.059 3.597 2.948 3.896]
 [4.133 4.32  4.327 0.    4.134 4.124 4.145 4.223 4.185 3.898]
 [3.583 4.161 3.429 4.134 0.    3.073 3.9   3.855 3.437 3.703]
 [3.351 3.642 3.078 4.124 3.073 0.    3.392 3.604 3.514 4.078]
 [3.145 3.38  3.059 4.145 3.9   3.392 0.    3.393 3.276 4.498]
 [3.374 3.182 3.597 4.223 3.855 3.604 3.393 0.    3.302 4.293]
 [2.914 3.597 2.948 4.185 3.437 3.514 3.276 3.302 0.    3.919]
 [3.697 4.883 3.896 3.898 3.703 4.078 4.498 4.293 3.919 0.   ]]

Sample mean RMSD matrix (Å):
[[0.861 1.498 1.149 1.424 1.14  1.322 1.173 1.38  1.289 0.871]
 [1.498 0.838 1.757 1.678 1.534 1.446 1.425 1.4   1.566 1.532]
 [1.149 1.757 0.81  1.603 1.275 1.439 1.25  1.387 1.305 1.156]
 [1.424 1.678 1.603 1.24  1.583 1.508 1.335 1.265 1.698 1.525]
 [1.14  1.534 1.275 1.583 0.526 1.289 1.172 1.399 1.379 1.246]
 [1.322 1.446 1.439 1.508 1.289 0.949 1.077 1.224 1.331 1.365]
 [1.173 1.425 1.25  1.335 1.172 1.077 0.907 1.122 1.432 1.289]
 [1.38  1.4   1.387 1.265 1.399 1.224 1.122 0.652 1.346 1.337]
 [1.289 1.566 1.305 1.698 1.379 1.331 1.432 1.346 0.634 1.17 ]
 [0.871 1.532 1.156 1.525 1.246 1.365 1.289 1.337 1.17  0.706]]
