Mantel Test Results - Approach B (expanded)
Sequence     : SEQ1
Mode         : ALLATOM
Permutations : 9999

r = 0.307774
p = 0.002700

Template RMSD matrix 10x10 (A):
[[0.    2.707 2.755 2.704 2.309 2.21  2.668 2.201 2.981 2.982]
 [2.707 0.    3.189 2.928 2.805 2.641 2.597 2.67  3.277 3.208]
 [2.755 3.189 0.    3.073 2.895 2.776 3.219 2.91  3.472 3.528]
 [2.704 2.928 3.073 0.    2.898 2.557 2.898 2.787 3.361 3.548]
 [2.309 2.805 2.895 2.898 0.    2.364 2.581 2.142 2.701 2.705]
 [2.21  2.641 2.776 2.557 2.364 0.    2.625 2.175 2.824 3.003]
 [2.668 2.597 3.219 2.898 2.581 2.625 0.    2.579 2.756 3.248]
 [2.201 2.67  2.91  2.787 2.142 2.175 2.579 0.    2.913 2.825]
 [2.981 3.277 3.472 3.361 2.701 2.824 2.756 2.913 0.    3.483]
 [2.982 3.208 3.528 3.548 2.705 3.003 3.248 2.825 3.483 0.   ]]
