Mantel Test Results - Approach B (expanded)
Sequence     : SEQ3
Mode         : ALLATOM
Permutations : 9999

r = 0.209041
p = 0.011200

Template RMSD matrix 10x10 (A):
[[0.    4.857 6.295 4.698 5.112 6.326 4.833 6.888 7.26  4.893]
 [4.857 0.    6.29  4.587 4.481 6.028 5.948 6.63  7.14  4.77 ]
 [6.295 6.29  0.    6.464 6.704 7.357 5.392 4.686 7.068 5.69 ]
 [4.698 4.587 6.464 0.    5.665 6.484 5.522 7.462 6.925 5.584]
 [5.112 4.481 6.704 5.665 0.    5.481 6.368 6.838 6.979 5.36 ]
 [6.326 6.028 7.357 6.484 5.481 0.    6.561 6.783 8.35  6.496]
 [4.833 5.948 5.392 5.522 6.368 6.561 0.    6.528 7.925 6.495]
 [6.888 6.63  4.686 7.462 6.838 6.783 6.528 0.    7.918 5.704]
 [7.26  7.14  7.068 6.925 6.979 8.35  7.925 7.918 0.    7.671]
 [4.893 4.77  5.69  5.584 5.36  6.496 6.495 5.704 7.671 0.   ]]
