Mantel Test Results - Approach B (100x100)
Sequence     : SEQ5
Mode         : CA
Permutations : 9999

r = 0.784242
p = 0.000100

Template RMSD matrix 10x10 (A):
[[0.    1.498 1.525 1.611 4.043 1.827 1.645 1.847 1.681 1.706]
 [1.498 0.    1.146 1.195 4.004 1.819 1.767 1.488 1.331 1.639]
 [1.525 1.146 0.    1.182 3.997 1.68  1.739 1.352 1.299 1.675]
 [1.611 1.195 1.182 0.    3.947 1.722 1.836 1.527 1.368 1.704]
 [4.043 4.004 3.997 3.947 0.    4.385 4.483 4.108 3.852 3.845]
 [1.827 1.819 1.68  1.722 4.385 0.    1.829 1.746 1.948 2.002]
 [1.645 1.767 1.739 1.836 4.483 1.829 0.    1.742 1.921 1.886]
 [1.847 1.488 1.352 1.527 4.108 1.746 1.742 0.    1.599 1.746]
 [1.681 1.331 1.299 1.368 3.852 1.948 1.921 1.599 0.    1.641]
 [1.706 1.639 1.675 1.704 3.845 2.002 1.886 1.746 1.641 0.   ]]
