Mantel Test Results - Approach B (100x100)
Sequence     : SEQ13
Mode         : ALLATOM
Permutations : 9999

r = 0.088212
p = 0.134500

Template RMSD matrix 10x10 (A):
[[ 0.    13.909 13.975 14.401 18.844 16.905 15.403 17.862 15.318 12.6  ]
 [13.909  0.    16.599 17.138 15.105 23.15  16.395 23.733 19.19  12.976]
 [13.975 16.599  0.    16.34  13.907 17.301 12.035 18.089 11.927 12.266]
 [14.401 17.138 16.34   0.    21.697 16.003 20.345 15.474 13.712 18.415]
 [18.844 15.105 13.907 21.697  0.    23.726 13.08  23.441 18.772 13.025]
 [16.905 23.15  17.301 16.003 23.726  0.    19.074 12.408 13.498 18.842]
 [15.403 16.395 12.035 20.345 13.08  19.074  0.    22.447 16.407 12.838]
 [17.862 23.733 18.089 15.474 23.441 12.408 22.447  0.    13.941 21.27 ]
 [15.318 19.19  11.927 13.712 18.772 13.498 16.407 13.941  0.    14.945]
 [12.6   12.976 12.266 18.415 13.025 18.842 12.838 21.27  14.945  0.   ]]
