Mantel Test Results — Approach A (10x10)
Sequence     : SEQ13
Mode         : CA
Permutations : 9999

r = -0.158894
p = 0.803700

Template RMSD matrix (Å):
[[ 0.    13.853 13.997 14.257 19.041 16.719 15.178 17.567 15.462 12.658]
 [13.853  0.    16.629 16.647 15.187 22.606 16.388 23.009 18.868 13.018]
 [13.997 16.629  0.    16.184 13.927 17.102 11.869 17.503 11.646 12.338]
 [14.257 16.647 16.184  0.    21.356 15.99  20.128 15.134 13.647 18.285]
 [19.041 15.187 13.927 21.356  0.    23.515 13.286 23.036 18.502 13.105]
 [16.719 22.606 17.102 15.99  23.515  0.    18.942 12.309 13.52  18.427]
 [15.178 16.388 11.869 20.128 13.286 18.942  0.    22.281 16.226 12.774]
 [17.567 23.009 17.503 15.134 23.036 12.309 22.281  0.    13.593 20.784]
 [15.462 18.868 11.646 13.647 18.502 13.52  16.226 13.593  0.    14.829]
 [12.658 13.018 12.338 18.285 13.105 18.427 12.774 20.784 14.829  0.   ]]

Sample mean RMSD matrix (Å):
[[12.779 12.632 22.051 19.313 10.424 14.429 15.498  9.03  10.202 14.062]
 [12.632 13.411 24.086 23.659 10.032 17.178 17.108 10.83  12.54  15.375]
 [22.051 24.086 10.126 18.438 21.946 18.837 21.357 21.78  20.851 16.898]
 [19.313 23.659 18.438 15.332 21.797 19.162 23.027 19.294 19.446 21.364]
 [10.424 10.032 21.946 21.797  5.571 15.978 19.242  7.966 11.507 13.13 ]
 [14.429 17.178 18.837 19.162 15.978  9.442 14.67  14.011 13.034 13.913]
 [15.498 17.108 21.357 23.027 19.242 14.67  11.351 16.118 14.546 16.875]
 [ 9.03  10.83  21.78  19.294  7.966 14.011 16.118  8.933  9.666 13.231]
 [10.202 12.54  20.851 19.446 11.507 13.034 14.546  9.666 11.859 14.081]
 [14.062 15.375 16.898 21.364 13.13  13.913 16.875 13.231 14.081 12.571]]
