Mantel Test Results — Approach A (10x10)
Sequence     : SEQ5
Mode         : CA
Permutations : 9999

r = 0.877475
p = 0.000400

Template RMSD matrix (Å):
[[0.    1.498 1.525 1.611 4.043 1.827 1.645 1.847 1.681 1.706]
 [1.498 0.    1.146 1.195 4.004 1.819 1.767 1.488 1.331 1.639]
 [1.525 1.146 0.    1.182 3.997 1.68  1.739 1.352 1.299 1.675]
 [1.611 1.195 1.182 0.    3.947 1.722 1.836 1.527 1.368 1.704]
 [4.043 4.004 3.997 3.947 0.    4.385 4.483 4.108 3.852 3.845]
 [1.827 1.819 1.68  1.722 4.385 0.    1.829 1.746 1.948 2.002]
 [1.645 1.767 1.739 1.836 4.483 1.829 0.    1.742 1.921 1.886]
 [1.847 1.488 1.352 1.527 4.108 1.746 1.742 0.    1.599 1.746]
 [1.681 1.331 1.299 1.368 3.852 1.948 1.921 1.599 0.    1.641]
 [1.706 1.639 1.675 1.704 3.845 2.002 1.886 1.746 1.641 0.   ]]

Sample mean RMSD matrix (Å):
[[1.103 0.986 0.971 1.169 2.98  1.121 1.908 1.088 1.042 0.948]
 [0.986 0.169 0.335 0.713 3.079 1.283 2.042 0.548 0.418 0.932]
 [0.971 0.335 0.149 0.677 3.069 1.229 2.007 0.55  0.379 0.933]
 [1.169 0.713 0.677 0.254 3.076 1.136 2.121 0.876 0.762 1.118]
 [2.98  3.079 3.069 3.076 1.356 3.095 2.284 3.041 3.064 2.998]
 [1.121 1.283 1.229 1.136 3.095 0.455 1.882 1.327 1.301 1.296]
 [1.908 2.042 2.007 2.121 2.284 1.882 2.625 2.072 2.073 2.046]
 [1.088 0.548 0.55  0.876 3.041 1.327 2.072 0.221 0.452 0.946]
 [1.042 0.418 0.379 0.762 3.064 1.301 2.073 0.452 0.17  0.832]
 [0.948 0.932 0.933 1.118 2.998 1.296 2.046 0.946 0.832 0.235]]
