Mantel Test Results — Approach A (10x10)
Sequence     : SEQ15
Mode         : CA
Permutations : 9999

r = 0.240319
p = 0.115700

Template RMSD matrix (Å):
[[0.    3.131 5.298 5.602 3.37  3.776 2.983 3.527 4.784 3.713]
 [3.131 0.    6.594 4.785 3.595 4.971 3.108 3.401 6.664 3.708]
 [5.298 6.594 0.    5.772 7.004 5.264 7.187 4.422 3.053 7.003]
 [5.602 4.785 5.772 0.    6.471 7.063 6.791 3.676 7.34  5.312]
 [3.37  3.595 7.004 6.471 0.    5.216 3.394 4.445 6.239 4.726]
 [3.776 4.971 5.264 7.063 5.216 0.    3.795 5.369 4.446 3.755]
 [2.983 3.108 7.187 6.791 3.394 3.795 0.    5.12  6.202 3.256]
 [3.527 3.401 4.422 3.676 4.445 5.369 5.12  0.    5.391 4.926]
 [4.784 6.664 3.053 7.34  6.239 4.446 6.202 5.391 0.    6.732]
 [3.713 3.708 7.003 5.312 4.726 3.755 3.256 4.926 6.732 0.   ]]

Sample mean RMSD matrix (Å):
[[1.712 2.712 1.807 4.63  3.302 2.84  3.805 3.398 2.215 2.793]
 [2.712 1.836 1.943 3.846 2.613 4.219 3.348 2.989 3.269 2.227]
 [1.807 1.943 1.99  4.167 2.716 3.146 3.563 2.927 2.207 2.381]
 [4.63  3.846 4.167 5.252 3.437 6.042 4.016 3.535 4.811 4.522]
 [3.302 2.613 2.716 3.437 3.149 4.82  3.673 2.254 3.313 3.661]
 [2.84  4.219 3.146 6.042 4.82  1.549 5.362 4.786 2.567 4.123]
 [3.805 3.348 3.563 4.016 3.673 5.362 3.865 3.882 4.519 3.58 ]
 [3.398 2.989 2.927 3.535 2.254 4.786 3.882 3.227 3.251 4.138]
 [2.215 3.269 2.207 4.811 3.313 2.567 4.519 3.251 2.663 3.834]
 [2.793 2.227 2.381 4.522 3.661 4.123 3.58  4.138 3.834 1.923]]
