Mantel Test Results — Approach A (10x10)
Sequence     : SEQ15
Mode         : ALLATOM
Permutations : 9999

r = 0.208831
p = 0.140600

Template RMSD matrix (Å):
[[0.    4.038 5.817 6.4   3.95  4.448 3.753 4.426 5.49  4.614]
 [4.038 0.    7.278 5.624 4.245 5.558 3.611 4.559 7.324 4.428]
 [5.817 7.278 0.    6.312 7.625 5.745 7.686 4.868 3.61  7.558]
 [6.4   5.624 6.312 0.    7.254 7.744 7.433 4.499 7.803 5.832]
 [3.95  4.245 7.625 7.254 0.    5.848 4.047 5.24  6.934 5.534]
 [4.448 5.558 5.745 7.744 5.848 0.    4.579 6.044 5.08  4.555]
 [3.753 3.611 7.686 7.433 4.047 4.579 0.    5.89  6.703 4.029]
 [4.426 4.559 4.868 4.499 5.24  6.044 5.89  0.    5.943 5.79 ]
 [5.49  7.324 3.61  7.803 6.934 5.08  6.703 5.943 0.    7.241]
 [4.614 4.428 7.558 5.832 5.534 4.555 4.029 5.79  7.241 0.   ]]

Sample mean RMSD matrix (Å):
[[2.228 3.204 2.289 5.048 3.744 3.348 4.512 3.885 2.737 3.392]
 [3.204 2.375 2.299 4.283 3.153 4.615 4.137 3.606 3.688 2.663]
 [2.289 2.299 2.228 4.527 3.116 3.484 4.369 3.422 2.571 2.872]
 [5.048 4.283 4.527 5.803 3.936 6.43  4.706 4.05  5.18  4.906]
 [3.744 3.153 3.116 3.936 3.744 5.223 4.384 2.85  3.721 4.117]
 [3.348 4.615 3.484 6.43  5.223 2.121 6.037 5.231 3.044 4.7  ]
 [4.512 4.137 4.369 4.706 4.384 6.037 4.369 4.533 5.199 4.264]
 [3.885 3.606 3.422 4.05  2.85  5.231 4.533 3.84  3.689 4.645]
 [2.737 3.688 2.571 5.18  3.721 3.044 5.199 3.689 3.168 4.365]
 [3.392 2.663 2.872 4.906 4.117 4.7   4.264 4.645 4.365 2.459]]
