Mantel Test Results — Approach A (10x10)
Sequence     : SEQ2
Mode         : ALLATOM
Permutations : 9999

r = -0.351294
p = 0.927800

Template RMSD matrix (Å):
[[0.    2.299 2.107 2.248 2.355 2.192 2.217 2.466 2.305 2.632]
 [2.299 0.    2.102 2.242 2.253 2.235 2.46  2.191 2.53  2.893]
 [2.107 2.102 0.    1.937 1.821 1.75  1.903 2.026 2.088 2.545]
 [2.248 2.242 1.937 0.    2.148 2.039 2.13  1.941 2.413 2.797]
 [2.355 2.253 1.821 2.148 0.    2.081 1.864 2.064 2.048 2.509]
 [2.192 2.235 1.75  2.039 2.081 0.    1.868 2.056 2.055 2.458]
 [2.217 2.46  1.903 2.13  1.864 1.868 0.    1.949 2.048 2.481]
 [2.466 2.191 2.026 1.941 2.064 2.056 1.949 0.    2.206 2.709]
 [2.305 2.53  2.088 2.413 2.048 2.055 2.048 2.206 0.    2.415]
 [2.632 2.893 2.545 2.797 2.509 2.458 2.481 2.709 2.415 0.   ]]

Sample mean RMSD matrix (Å):
[[0.564 0.617 0.66  0.694 0.634 0.679 0.694 0.613 0.664 0.656]
 [0.617 0.595 0.568 0.646 0.587 0.68  0.628 0.588 0.595 0.623]
 [0.66  0.568 0.562 0.649 0.609 0.716 0.642 0.704 0.638 0.648]
 [0.694 0.646 0.649 0.676 0.682 0.753 0.602 0.73  0.659 0.668]
 [0.634 0.587 0.609 0.682 0.607 0.726 0.727 0.646 0.64  0.61 ]
 [0.679 0.68  0.716 0.753 0.726 0.721 0.7   0.695 0.709 0.698]
 [0.694 0.628 0.642 0.602 0.727 0.7   0.653 0.727 0.649 0.663]
 [0.613 0.588 0.704 0.73  0.646 0.695 0.727 0.588 0.704 0.654]
 [0.664 0.595 0.638 0.659 0.64  0.709 0.649 0.704 0.602 0.639]
 [0.656 0.623 0.648 0.668 0.61  0.698 0.663 0.654 0.639 0.728]]
