Mantel Test Results - Approach B (expanded)
Sequence     : SEQ17
Mode         : ALLATOM
Permutations : 9999

r = 0.575175
p = 0.000100

Template RMSD matrix 10x10 (A):
[[0.    6.008 3.565 4.14  3.465 3.857 4.225 3.435 3.364 4.246]
 [6.008 0.    5.625 5.08  5.938 6.652 4.802 6.683 5.684 4.85 ]
 [3.565 5.625 0.    3.844 2.916 3.943 3.416 3.968 3.524 3.835]
 [4.14  5.08  3.844 0.    3.748 5.006 4.168 4.971 3.599 4.127]
 [3.465 5.938 2.916 3.748 0.    4.052 3.645 3.645 3.051 4.045]
 [3.857 6.652 3.943 5.006 4.052 0.    4.674 4.004 3.829 5.09 ]
 [4.225 4.802 3.416 4.168 3.645 4.674 0.    4.43  3.988 3.769]
 [3.435 6.683 3.968 4.971 3.645 4.004 4.43  0.    3.819 4.875]
 [3.364 5.684 3.524 3.599 3.051 3.829 3.988 3.819 0.    4.371]
 [4.246 4.85  3.835 4.127 4.045 5.09  3.769 4.875 4.371 0.   ]]
