Mantel Test Results - Approach B (expanded)
Sequence     : SEQ9
Mode         : ALLATOM
Permutations : 9999

r = 0.185299
p = 0.002100

Template RMSD matrix 10x10 (A):
[[ 0.    16.7   13.503 13.453 13.739 15.927 16.585 13.247 11.7   16.442]
 [16.7    0.    13.502 12.787 17.065 15.648 15.301 15.053 17.34  18.065]
 [13.503 13.502  0.    11.725 14.758 15.697 13.611 14.219 15.124 16.716]
 [13.453 12.787 11.725  0.    15.85  16.927 13.407 13.829 14.215 18.056]
 [13.739 17.065 14.758 15.85   0.    13.087 17.096 16.512 13.144 13.562]
 [15.927 15.648 15.697 16.927 13.087  0.    14.833 16.288 17.845 10.522]
 [16.585 15.301 13.611 13.407 17.096 14.833  0.    14.228 18.626 18.079]
 [13.247 15.053 14.219 13.829 16.512 16.288 14.228  0.    13.6   16.501]
 [11.7   17.34  15.124 14.215 13.144 17.845 18.626 13.6    0.    17.027]
 [16.442 18.065 16.716 18.056 13.562 10.522 18.079 16.501 17.027  0.   ]]
