Mantel Test Results - Approach B (expanded)
Sequence     : SEQ7
Mode         : ALLATOM
Permutations : 9999

r = -0.006035
p = 0.503500

Template RMSD matrix 10x10 (A):
[[ 0.    10.431 13.737 12.721 15.992 11.297 14.922 15.818  9.484 12.358]
 [10.431  0.    10.479  8.645 14.352 13.222 13.101 16.571  8.532 15.074]
 [13.737 10.479  0.    12.389 19.227 15.425 12.462 13.492 14.904 16.458]
 [12.721  8.645 12.389  0.    13.245 12.411 15.061 17.551 10.007 15.24 ]
 [15.992 14.352 19.227 13.245  0.    17.416 17.563 22.673 14.089 20.153]
 [11.297 13.222 15.425 12.411 17.416  0.    17.46  15.325 11.372 11.412]
 [14.922 13.101 12.462 15.061 17.563 17.46   0.    17.319 15.662 16.751]
 [15.818 16.571 13.492 17.551 22.673 15.325 17.319  0.    17.372 10.086]
 [ 9.484  8.532 14.904 10.007 14.089 11.372 15.662 17.372  0.    13.102]
 [12.358 15.074 16.458 15.24  20.153 11.412 16.751 10.086 13.102  0.   ]]
