Mantel Test Results — Approach A (10x10)
Sequence     : SEQ7
Mode         : ALLATOM
Permutations : 9999

r = -0.142039
p = 0.728000

Template RMSD matrix (Å):
[[ 0.    10.431 13.737 12.721 15.992 11.297 14.922 15.818  9.484 12.358]
 [10.431  0.    10.479  8.645 14.352 13.222 13.101 16.571  8.532 15.074]
 [13.737 10.479  0.    12.389 19.227 15.425 12.462 13.492 14.904 16.458]
 [12.721  8.645 12.389  0.    13.245 12.411 15.061 17.551 10.007 15.24 ]
 [15.992 14.352 19.227 13.245  0.    17.416 17.563 22.673 14.089 20.153]
 [11.297 13.222 15.425 12.411 17.416  0.    17.46  15.325 11.372 11.412]
 [14.922 13.101 12.462 15.061 17.563 17.46   0.    17.319 15.662 16.751]
 [15.818 16.571 13.492 17.551 22.673 15.325 17.319  0.    17.372 10.086]
 [ 9.484  8.532 14.904 10.007 14.089 11.372 15.662 17.372  0.    13.102]
 [12.358 15.074 16.458 15.24  20.153 11.412 16.751 10.086 13.102  0.   ]]

Sample mean RMSD matrix (Å):
[[ 8.948 14.109  5.707 11.297  8.517  8.01   8.763 10.963  9.887  9.52 ]
 [14.109 13.103 12.414 16.096 12.23  10.069 18.491 15.944 13.558 15.411]
 [ 5.707 12.414  4.955 11.611  6.664  5.838 11.058 11.31   9.852 10.279]
 [11.297 16.096 11.611 17.401 11.548 11.861 12.047 12.346 14.272 12.93 ]
 [ 8.517 12.23   6.664 11.548 11.043  7.147 13.616 12.509 11.543 12.789]
 [ 8.01  10.069  5.838 11.861  7.147  4.891 13.576 11.779  9.605 11.651]
 [ 8.763 18.491 11.058 12.047 13.616 13.576  6.613 10.761 11.673  7.583]
 [10.963 15.944 11.31  12.346 12.509 11.779 10.761 16.718 11.352 10.621]
 [ 9.887 13.558  9.852 14.272 11.543  9.605 11.673 11.352  8.059  8.384]
 [ 9.52  15.411 10.279 12.93  12.789 11.651  7.583 10.621  8.384  7.132]]
