Mantel Test Results - Approach B (expanded)
Sequence     : SEQ10
Mode         : ALLATOM
Permutations : 9999

r = 0.009343
p = 0.401000

Template RMSD matrix 10x10 (A):
[[ 0.    20.761 21.502 21.046 25.999 20.468 24.764 16.836 24.726 22.174]
 [20.761  0.    23.718 21.907 25.82  21.891 22.785 20.259 27.724 22.506]
 [21.502 23.718  0.    18.314 16.85  17.804 21.288 22.023 19.021 24.637]
 [21.046 21.907 18.314  0.    22.296 16.516 23.979 22.615 23.987 28.083]
 [25.999 25.82  16.85  22.296  0.    24.196 18.363 21.386 16.861 18.   ]
 [20.468 21.891 17.804 16.516 24.196  0.    23.343 23.746 24.653 26.747]
 [24.764 22.785 21.288 23.979 18.363 23.343  0.    23.29  22.88  18.954]
 [16.836 20.259 22.023 22.615 21.386 23.746 23.29   0.    22.776 17.484]
 [24.726 27.724 19.021 23.987 16.861 24.653 22.88  22.776  0.    21.837]
 [22.174 22.506 24.637 28.083 18.    26.747 18.954 17.484 21.837  0.   ]]
