Mantel Test Results — Approach A (10x10)
Sequence     : SEQ10
Mode         : ALLATOM
Permutations : 9999

r = -0.028575
p = 0.576300

Template RMSD matrix (Å):
[[ 0.    20.761 21.502 21.046 25.999 20.468 24.764 16.836 24.726 22.174]
 [20.761  0.    23.718 21.907 25.82  21.891 22.785 20.259 27.724 22.506]
 [21.502 23.718  0.    18.314 16.85  17.804 21.288 22.023 19.021 24.637]
 [21.046 21.907 18.314  0.    22.296 16.516 23.979 22.615 23.987 28.083]
 [25.999 25.82  16.85  22.296  0.    24.196 18.363 21.386 16.861 18.   ]
 [20.468 21.891 17.804 16.516 24.196  0.    23.343 23.746 24.653 26.747]
 [24.764 22.785 21.288 23.979 18.363 23.343  0.    23.29  22.88  18.954]
 [16.836 20.259 22.023 22.615 21.386 23.746 23.29   0.    22.776 17.484]
 [24.726 27.724 19.021 23.987 16.861 24.653 22.88  22.776  0.    21.837]
 [22.174 22.506 24.637 28.083 18.    26.747 18.954 17.484 21.837  0.   ]]

Sample mean RMSD matrix (Å):
[[ 8.765 13.488 26.252 14.559 19.821 21.661 17.75  21.354 26.118 12.368]
 [13.488 15.67  26.584 14.342 20.777 20.123 17.606 21.58  26.135 15.037]
 [26.252 26.584 30.511 26.068 25.965 26.906 25.667 25.045 24.128 26.627]
 [14.559 14.342 26.068 11.364 21.058 20.445 20.82  22.462 25.119 17.171]
 [19.821 20.777 25.965 21.058 25.61  18.933 18.347 20.459 22.502 20.142]
 [21.661 20.123 26.906 20.445 18.933 26.914 19.837 20.624 23.189 21.826]
 [17.75  17.606 25.667 20.82  18.347 19.837  9.28  22.235 24.811 17.046]
 [21.354 21.58  25.045 22.462 20.459 20.624 22.235 32.035 22.284 21.973]
 [26.118 26.135 24.128 25.119 22.502 23.189 24.811 22.284 30.095 25.666]
 [12.368 15.037 26.627 17.171 20.142 21.826 17.046 21.973 25.666 17.248]]
