Mantel Test Results - Approach B (expanded)
Sequence     : SEQ15
Mode         : ALLATOM
Permutations : 9999

r = 0.178541
p = 0.030500

Template RMSD matrix 10x10 (A):
[[0.    4.038 5.817 6.4   3.95  4.448 3.753 4.426 5.49  4.614]
 [4.038 0.    7.278 5.624 4.245 5.558 3.611 4.559 7.324 4.428]
 [5.817 7.278 0.    6.312 7.625 5.745 7.686 4.868 3.61  7.558]
 [6.4   5.624 6.312 0.    7.254 7.744 7.433 4.499 7.803 5.832]
 [3.95  4.245 7.625 7.254 0.    5.848 4.047 5.24  6.934 5.534]
 [4.448 5.558 5.745 7.744 5.848 0.    4.579 6.044 5.08  4.555]
 [3.753 3.611 7.686 7.433 4.047 4.579 0.    5.89  6.703 4.029]
 [4.426 4.559 4.868 4.499 5.24  6.044 5.89  0.    5.943 5.79 ]
 [5.49  7.324 3.61  7.803 6.934 5.08  6.703 5.943 0.    7.241]
 [4.614 4.428 7.558 5.832 5.534 4.555 4.029 5.79  7.241 0.   ]]
