Mantel Test Results — Approach A (10x10)
Sequence     : SEQ9
Mode         : ALLATOM
Permutations : 9999

r = 0.136484
p = 0.200100

Template RMSD matrix (Å):
[[ 0.    16.7   13.503 13.453 13.739 15.927 16.585 13.247 11.7   16.442]
 [16.7    0.    13.502 12.787 17.065 15.648 15.301 15.053 17.34  18.065]
 [13.503 13.502  0.    11.725 14.758 15.697 13.611 14.219 15.124 16.716]
 [13.453 12.787 11.725  0.    15.85  16.927 13.407 13.829 14.215 18.056]
 [13.739 17.065 14.758 15.85   0.    13.087 17.096 16.512 13.144 13.562]
 [15.927 15.648 15.697 16.927 13.087  0.    14.833 16.288 17.845 10.522]
 [16.585 15.301 13.611 13.407 17.096 14.833  0.    14.228 18.626 18.079]
 [13.247 15.053 14.219 13.829 16.512 16.288 14.228  0.    13.6   16.501]
 [11.7   17.34  15.124 14.215 13.144 17.845 18.626 13.6    0.    17.027]
 [16.442 18.065 16.716 18.056 13.562 10.522 18.079 16.501 17.027  0.   ]]

Sample mean RMSD matrix (Å):
[[14.331 13.236 12.669 13.78  10.943 15.195 13.305 19.364 11.868 11.284]
 [13.236 13.375 11.199 12.102 10.979 14.614 11.264 14.633 12.22  12.873]
 [12.669 11.199  6.912  9.783  8.367 13.394  8.717 16.36   9.323 10.896]
 [13.78  12.102  9.783 12.157  9.761 13.921 11.808 17.323 12.12  12.076]
 [10.943 10.979  8.367  9.761  9.77  12.172  9.89  18.021 10.033  8.837]
 [15.195 14.614 13.394 13.921 12.172  9.086 16.575 17.345 15.995  9.473]
 [13.305 11.264  8.717 11.808  9.89  16.575  6.894 16.39  10.989 13.896]
 [19.364 14.633 16.36  17.323 18.021 17.345 16.39  13.66  18.191 18.523]
 [11.868 12.22   9.323 12.12  10.033 15.995 10.989 18.191 10.994 11.927]
 [11.284 12.873 10.896 12.076  8.837  9.473 13.896 18.523 11.927  5.403]]
