Mantel Test Results - Approach B (expanded)
Sequence     : SEQ16
Mode         : ALLATOM
Permutations : 9999

r = 0.340189
p = 0.000400

Template RMSD matrix 10x10 (A):
[[0.    4.072 3.415 3.11  3.897 4.32  4.25  4.002 3.533 4.395]
 [4.072 0.    4.214 4.059 5.094 3.678 4.292 4.394 3.913 3.463]
 [3.415 4.214 0.    3.755 2.784 3.78  2.921 5.056 3.496 5.418]
 [3.11  4.059 3.755 0.    4.318 4.929 4.863 4.966 4.055 4.291]
 [3.897 5.094 2.784 4.318 0.    4.754 3.554 5.716 4.097 6.377]
 [4.32  3.678 3.78  4.929 4.754 0.    3.772 4.9   3.912 4.943]
 [4.25  4.292 2.921 4.863 3.554 3.772 0.    5.574 3.548 5.884]
 [4.002 4.394 5.056 4.966 5.716 4.9   5.574 0.    4.419 4.043]
 [3.533 3.913 3.496 4.055 4.097 3.912 3.548 4.419 0.    4.889]
 [4.395 3.463 5.418 4.291 6.377 4.943 5.884 4.043 4.889 0.   ]]
