Mantel Test Results — Approach A (10x10)
Sequence     : SEQ5
Mode         : ALLATOM
Permutations : 9999

r = 0.889798
p = 0.001100

Template RMSD matrix (Å):
[[0.    2.035 2.013 2.071 4.255 2.34  2.182 2.303 2.114 2.25 ]
 [2.035 0.    1.779 1.811 4.224 2.372 2.239 2.136 1.783 2.378]
 [2.013 1.779 0.    1.793 4.253 2.182 2.255 1.94  1.813 2.381]
 [2.071 1.811 1.793 0.    4.212 2.304 2.388 2.014 1.948 2.321]
 [4.255 4.224 4.253 4.212 0.    4.621 4.685 4.407 4.161 4.119]
 [2.34  2.372 2.182 2.304 4.621 0.    2.401 2.374 2.411 2.662]
 [2.182 2.239 2.255 2.388 4.685 2.401 0.    2.287 2.374 2.531]
 [2.303 2.136 1.94  2.014 4.407 2.374 2.287 0.    2.086 2.476]
 [2.114 1.783 1.813 1.948 4.161 2.411 2.374 2.086 0.    2.3  ]
 [2.25  2.378 2.381 2.321 4.119 2.662 2.531 2.476 2.3   0.   ]]

Sample mean RMSD matrix (Å):
[[1.399 1.274 1.253 1.537 3.14  1.478 2.078 1.417 1.315 1.296]
 [1.274 0.475 0.568 1.059 3.285 1.578 2.193 0.877 0.693 1.355]
 [1.253 0.568 0.439 1.022 3.269 1.519 2.154 0.844 0.632 1.345]
 [1.537 1.059 1.022 0.513 3.322 1.401 2.367 1.137 1.13  1.605]
 [3.14  3.285 3.269 3.322 1.59  3.296 2.606 3.238 3.256 3.169]
 [1.478 1.578 1.519 1.401 3.296 0.792 2.138 1.576 1.575 1.642]
 [2.078 2.193 2.154 2.367 2.606 2.138 2.691 2.271 2.22  2.211]
 [1.417 0.877 0.844 1.137 3.238 1.576 2.271 0.468 0.789 1.369]
 [1.315 0.693 0.632 1.13  3.256 1.575 2.22  0.789 0.468 1.225]
 [1.296 1.355 1.345 1.605 3.169 1.642 2.211 1.369 1.225 0.604]]
