Mantel Test Results — Approach A (10x10)
Sequence     : SEQ3
Mode         : ALLATOM
Permutations : 9999

r = 0.406552
p = 0.018500

Template RMSD matrix (Å):
[[0.    4.857 6.295 4.698 5.112 6.326 4.833 6.888 7.26  4.893]
 [4.857 0.    6.29  4.587 4.481 6.028 5.948 6.63  7.14  4.77 ]
 [6.295 6.29  0.    6.464 6.704 7.357 5.392 4.686 7.068 5.69 ]
 [4.698 4.587 6.464 0.    5.665 6.484 5.522 7.462 6.925 5.584]
 [5.112 4.481 6.704 5.665 0.    5.481 6.368 6.838 6.979 5.36 ]
 [6.326 6.028 7.357 6.484 5.481 0.    6.561 6.783 8.35  6.496]
 [4.833 5.948 5.392 5.522 6.368 6.561 0.    6.528 7.925 6.495]
 [6.888 6.63  4.686 7.462 6.838 6.783 6.528 0.    7.918 5.704]
 [7.26  7.14  7.068 6.925 6.979 8.35  7.925 7.918 0.    7.671]
 [4.893 4.77  5.69  5.584 5.36  6.496 6.495 5.704 7.671 0.   ]]

Sample mean RMSD matrix (Å):
[[2.627 4.839 4.178 4.746 5.211 3.183 2.968 3.859 5.36  4.01 ]
 [4.839 2.758 3.81  4.412 3.892 4.985 6.398 4.529 4.961 3.91 ]
 [4.178 3.81  5.001 4.721 4.562 4.908 5.734 4.222 5.201 3.786]
 [4.746 4.412 4.721 2.807 4.793 5.443 6.455 5.415 5.034 5.031]
 [5.211 3.892 4.562 4.793 5.473 5.334 6.651 5.085 5.463 4.533]
 [3.183 4.985 4.908 5.443 5.334 4.748 3.709 4.561 5.79  4.593]
 [2.968 6.398 5.734 6.455 6.651 3.709 0.771 4.612 6.925 5.711]
 [3.859 4.529 4.222 5.415 5.085 4.561 4.612 6.274 5.905 4.346]
 [5.36  4.961 5.201 5.034 5.463 5.79  6.925 5.905 6.76  5.219]
 [4.01  3.91  3.786 5.031 4.533 4.593 5.711 4.346 5.219 4.285]]
