Mantel Test Results — Approach A (10x10)
Sequence     : SEQ13
Mode         : ALLATOM
Permutations : 9999

r = -0.149608
p = 0.790000

Template RMSD matrix (Å):
[[ 0.    13.909 13.975 14.401 18.844 16.905 15.403 17.862 15.318 12.6  ]
 [13.909  0.    16.599 17.138 15.105 23.15  16.395 23.733 19.19  12.976]
 [13.975 16.599  0.    16.34  13.907 17.301 12.035 18.089 11.927 12.266]
 [14.401 17.138 16.34   0.    21.697 16.003 20.345 15.474 13.712 18.415]
 [18.844 15.105 13.907 21.697  0.    23.726 13.08  23.441 18.772 13.025]
 [16.905 23.15  17.301 16.003 23.726  0.    19.074 12.408 13.498 18.842]
 [15.403 16.395 12.035 20.345 13.08  19.074  0.    22.447 16.407 12.838]
 [17.862 23.733 18.089 15.474 23.441 12.408 22.447  0.    13.941 21.27 ]
 [15.318 19.19  11.927 13.712 18.772 13.498 16.407 13.941  0.    14.945]
 [12.6   12.976 12.266 18.415 13.025 18.842 12.838 21.27  14.945  0.   ]]

Sample mean RMSD matrix (Å):
[[12.226 12.42  21.671 19.23  10.139 13.898 14.954  8.822  9.933 13.48 ]
 [12.42  13.038 23.86  23.592  9.843 16.691 16.524 10.719 12.459 14.938]
 [21.671 23.86  10.178 17.787 21.822 18.683 21.443 21.497 20.494 16.81 ]
 [19.23  23.592 17.787 15.281 21.708 18.98  22.882 19.304 19.305 21.204]
 [10.139  9.843 21.822 21.708  5.519 15.457 18.482  7.843 11.322 12.687]
 [13.898 16.691 18.683 18.98  15.457  9.085 14.042 13.512 12.53  13.523]
 [14.954 16.524 21.443 22.882 18.482 14.042 10.989 15.52  14.057 16.216]
 [ 8.822 10.719 21.497 19.304  7.843 13.512 15.52   8.83   9.552 12.763]
 [ 9.933 12.459 20.494 19.305 11.322 12.53  14.057  9.552 11.583 13.524]
 [13.48  14.938 16.81  21.204 12.687 13.523 16.216 12.763 13.524 11.917]]
