Mantel Test Results - Approach B (expanded)
Sequence     : SEQ14
Mode         : ALLATOM
Permutations : 9999

r = 0.540788
p = 0.000100

Template RMSD matrix 10x10 (A):
[[0.    3.474 2.515 4.133 3.583 3.351 3.145 3.374 2.914 3.697]
 [3.474 0.    3.864 4.32  4.161 3.642 3.38  3.182 3.597 4.883]
 [2.515 3.864 0.    4.327 3.429 3.078 3.059 3.597 2.948 3.896]
 [4.133 4.32  4.327 0.    4.134 4.124 4.145 4.223 4.185 3.898]
 [3.583 4.161 3.429 4.134 0.    3.073 3.9   3.855 3.437 3.703]
 [3.351 3.642 3.078 4.124 3.073 0.    3.392 3.604 3.514 4.078]
 [3.145 3.38  3.059 4.145 3.9   3.392 0.    3.393 3.276 4.498]
 [3.374 3.182 3.597 4.223 3.855 3.604 3.393 0.    3.302 4.293]
 [2.914 3.597 2.948 4.185 3.437 3.514 3.276 3.302 0.    3.919]
 [3.697 4.883 3.896 3.898 3.703 4.078 4.498 4.293 3.919 0.   ]]
