Mantel Test Results - Approach B (expanded)
Sequence     : SEQ6
Mode         : ALLATOM
Permutations : 9999

r = 0.159576
p = 0.014600

Template RMSD matrix 10x10 (A):
[[ 0.    28.471 27.023 29.252 28.366 30.271 27.109 30.811 29.68  28.021]
 [28.471  0.    25.706 28.036 24.291 24.289 25.823 26.472 26.101 23.524]
 [27.023 25.706  0.    23.401 26.004 25.69  23.154 23.345 25.522 24.728]
 [29.252 28.036 23.401  0.    26.645 25.815 25.256 22.367 28.51  25.963]
 [28.366 24.291 26.004 26.645  0.    25.271 25.745 25.395 25.1   23.301]
 [30.271 24.289 25.69  25.815 25.271  0.    27.383 22.905 27.651 21.915]
 [27.109 25.823 23.154 25.256 25.745 27.383  0.    25.777 26.627 24.972]
 [30.811 26.472 23.345 22.367 25.395 22.905 25.777  0.    26.71  23.306]
 [29.68  26.101 25.522 28.51  25.1   27.651 26.627 26.71   0.    25.761]
 [28.021 23.524 24.728 25.963 23.301 21.915 24.972 23.306 25.761  0.   ]]
